init_prob acc
0.995 Acc@1 71.186 Acc@5 90.022
0.99 Acc@1 64.580 Acc@5 85.418
0.95  Acc@1 6.464 Acc@5 15.242

0.995,0.995,0.995,0.995,0.995,0.995,0.995,0.995,0.9925,0.9925,0.9925,0.9925,0.9925,0.9925,0.9925,0.9925,0.9925,0.99,0.99,0.99,0.99,0.99,0.99,0.99,0.99,0.99,0.99,0.99,0.99,0.99,0.98,0.98,0.98,0.98,0.98,0.98,0.98,
Acc@1 70.936 Acc@5 89.790

0.995,0.995,0.995,0.995,0.995,0.995,0.995,0.995,0.99,0.99,0.99,0.99,0.99,0.99,0.99,0.99,0.99,0.98,0.98,0.98,0.98,0.98,0.98,0.98,0.98,0.98,0.98,0.98,0.98,0.98,0.98,0.98,0.98,0.98,0.98,0.98,0.98

Acc@1 70.620 Acc@5 89.530
